2912 B-1 0
37 I-2 0
153 0 0
184 0 0
273 0 0
52 B-3 0
21 I-4 0
135 B-3 0
249 I-4 0

411 B-1 I-2
660 I-2 0
1001 I-2 0
1242 0 0
170 0 0
73 0 0
135 B-3 0
249 I-4 0
1261 0 0
347 0 0
80 0 0

2912 B-1 0
37 I-2 0
153 0 0
184 0 0
273 0 0
52 B-3 0
21 I-4 0
135 B-3 0
249 I-4 0

411 B-1 I-2
660 I-2 0
1001 I-2 0
1242 0 0
170 0 0
73 0 0
135 B-3 0
249 I-4 0
1261 0 0
347 0 0
80 0 0

2912 B-1 0
37 I-2 0
153 0 0
184 0 0
273 0 0
52 B-3 0
21 I-4 0
135 B-3 0
249 I-4 0

411 B-1 I-2
660 I-2 0
1001 I-2 0
1242 0 0
170 0 0
73 0 0
135 B-3 0
249 I-4 0
1261 0 0
347 0 0
80 0 0

2912 B-1 0
37 I-2 0
153 0 0
184 0 0
273 0 0
52 B-3 0
21 I-4 0
135 B-3 0
249 I-4 0

411 B-1 I-2
660 I-2 0
1001 I-2 0
1242 0 0
170 0 0
73 0 0
135 B-3 0
249 I-4 0
1261 0 0
347 0 0
80 0 0

2912 B-1 0
37 I-2 0
153 0 0
184 0 0
273 0 0
52 B-3 0
21 I-4 0
135 B-3 0
249 I-4 0

411 B-1 I-2
660 I-2 0
1001 I-2 0
1242 0 0
170 0 0
73 0 0
135 B-3 0
249 I-4 0
1261 0 0
347 0 0
80 0 0

